1   COUNTYFP   NEVER   RARELY   SOMETIMES   FREQUENTLY   ALWAYS
2   01001   0.053   0.074   0.134   0.295   0.444   
3   01003   0.083   0.059   0.098   0.323   0.436   
4   01005   0.067   0.121   0.12   0.201   0.491   
5   01007   0.02   0.034   0.096   0.278   0.572   
6   01009   0.053   0.114   0.18   0.194   0.459   
7   01011   0.031   0.04   0.144   0.286   0.5   
8   01013   0.102   0.053   0.257   0.137   0.451   
9   01015   0.152   0.108   0.13   0.167   0.442   
10   01017   0.117   0.037   0.15   0.136   0.56   
11   01019   0.135   0.027   0.161   0.158   0.52   
12   01021   0.06   0.07   0.058   0.194   0.618   
13   01023   0.049   0.038   0.126   0.219   0.568   
14   01025   0.049   0.088   0.164   0.268   0.43   
15   01027   0.148   0.158   0.195   0.169   0.329   
16   01029   0.151   0.125   0.138   0.217   0.368   
17   01031   0.101   0.152   0.094   0.186   0.466   
18   01033   0.082   0.096   0.152   0.159   0.51   
19   01035   0.099   0.052   0.259   0.192   0.399   
20   01037   0.055   0.131   0.167   0.263   0.384   
21   01039   0.187   0.128   0.129   0.201   0.356   
22   01041   0.06   0.091   0.199   0.233   0.416   
23   01043   0.13   0.024   0.249   0.217   0.379   
24   01045   0.089   0.113   0.118   0.22   0.46   
25   01047   0.095   0.1   0.159   0.122   0.524   
26   01049   0.084   0.051   0.106   0.179   0.58   
27   01051   0.042   0.095   0.127   0.252   0.485   
28   01053   0.114   0.026   0.188   0.285   0.387   
29   01055   0.096   0.103   0.178   0.122   0.501   
30   01057   0.138   0.048   0.151   0.233   0.429   
31   01059   0.065   0.071   0.223   0.156   0.484   
32   01061   0.176   0.131   0.089   0.158   0.445   
33   01063   0.03   0.053   0.127   0.167   0.623   
34   01065   0.026   0.061   0.084   0.191   0.639   
35   01067   0.066   0.068   0.17   0.258   0.438   
36   01069   0.085   0.079   0.135   0.268   0.433   
37   01071   0.092   0.089   0.11   0.249   0.46   
38   01073   0.049   0.037   0.107   0.179   0.628   
39   01075   0.107   0.045   0.132   0.189   0.527   
40   01077   0.093   0.119   0.141   0.179   0.469   
41   01079   0.162   0.08   0.088   0.251   0.419   
42   01081   0.053   0.064   0.138   0.183   0.562   
43   01083   0.102   0.034   0.133   0.336   0.395   
44   01085   0.12   0.073   0.145   0.199   0.464   
45   01087   0.008   0.033   0.241   0.172   0.545   
46   01089   0.062   0.05   0.123   0.177   0.589   
47   01091   0.033   0.151   0.118   0.186   0.512   
48   01093   0.129   0.064   0.246   0.207   0.353   
49   01095   0.075   0.064   0.129   0.253   0.479   
50   01097   0.077   0.07   0.102   0.244   0.506   
51   01099   0.112   0.041   0.182   0.288   0.378   
52   01101   0.056   0.095   0.123   0.212   0.513   
53   01103   0.078   0.077   0.082   0.304   0.459   
54   01105   0.025   0.084   0.087   0.187   0.618   
55   01107   0.031   0.06   0.169   0.157   0.584   
56   01109   0.06   0.131   0.145   0.333   0.33   
57   01111   0.158   0.226   0.105   0.144   0.368   
58   01113   0.069   0.067   0.08   0.213   0.57   
59   01115   0.027   0.134   0.144   0.2   0.495   
60   01117   0.022   0.075   0.118   0.24   0.545   
61   01119   0.055   0.068   0.118   0.197   0.562   
62   01121   0.113   0.15   0.208   0.169   0.361   
63   01123   0.067   0.095   0.136   0.296   0.406   
64   01125   0.041   0.036   0.144   0.247   0.532   
65   01127   0.09   0.081   0.145   0.256   0.429   
66   01129   0.018   0.077   0.102   0.307   0.495   
67   01131   0.061   0.098   0.199   0.187   0.455   
68   01133   0.13   0.046   0.328   0.183   0.312   
69   02013   0.067   0.032   0.034   0.316   0.551   
70   02016   0.078   0.031   0.03   0.337   0.524   
71   02020   0.042   0.05   0.049   0.196   0.663   
72   02050   0.101   0.022   0.014   0.45   0.413   
73   02060   0.048   0.037   0.042   0.308   0.564   
74   02068   0.062   0.081   0.067   0.225   0.565   
75   02070   0.072   0.025   0.027   0.391   0.484   
76   02090   0.094   0.084   0.175   0.234   0.413   
77   02100   0.055   0.05   0.123   0.419   0.352   
78   02105   0.051   0.064   0.13   0.399   0.356   
79   02110   0.051   0.067   0.133   0.396   0.353   
80   02122   0.043   0.047   0.051   0.197   0.662   
81   02130   0.025   0.149   0.174   0.256   0.396   
82   02150   0.042   0.043   0.049   0.233   0.633   
83   02158   0.103   0.022   0.007   0.521   0.347   
84   02164   0.055   0.036   0.04   0.299   0.571   
85   02170   0.042   0.051   0.048   0.198   0.66   
86   02180   0.086   0.061   0.009   0.544   0.3   
87   02185   0.036   0.059   0.235   0.215   0.455   
88   02188   0.035   0.188   0.051   0.474   0.252   
89   02195   0.042   0.095   0.148   0.349   0.365   
90   02198   0.033   0.125   0.161   0.3   0.38   
91   02220   0.048   0.077   0.137   0.381   0.357   
92   02230   0.058   0.038   0.116   0.435   0.354   
93   02240   0.064   0.071   0.14   0.272   0.453   
94   02261   0.04   0.049   0.052   0.197   0.663   
95   02275   0.035   0.119   0.16   0.312   0.374   
96   02282   0.047   0.012   0.078   0.381   0.481   
97   02290   0.044   0.047   0.126   0.425   0.358   
98   04001   0.055   0.063   0.031   0.15   0.701   
99   04003   0.053   0.025   0.147   0.194   0.581   
100   04005   0.039   0.08   0.07   0.11   0.702   
101   04007   0.073   0.014   0.03   0.336   0.547   
102   04009   0.095   0.067   0.237   0.049   0.553   
103   04011   0.111   0.089   0.167   0.089   0.544   
104   04012   0.031   0.064   0.162   0.173   0.57   
105   04013   0.023   0.025   0.059   0.158   0.734   
106   04015   0.051   0.096   0.104   0.164   0.585   
107   04017   0.091   0.108   0.059   0.139   0.602   
108   04019   0.023   0.024   0.073   0.121   0.759   
109   04021   0.033   0.055   0.096   0.148   0.667   
110   04023   0.028   0.002   0.058   0.074   0.837   
111   04025   0.031   0.073   0.081   0.176   0.639   
112   04027   0.008   0.013   0.046   0.129   0.804   
113   05001   0.019   0.073   0.134   0.216   0.557   
114   05003   0.023   0.103   0.163   0.117   0.595   
115   05005   0.15   0.104   0.108   0.104   0.534   
116   05007   0.081   0.034   0.083   0.16   0.643   
117   05009   0.129   0.145   0.122   0.189   0.416   
118   05011   0.094   0.102   0.175   0.184   0.445   
119   05013   0.145   0.132   0.108   0.211   0.404   
120   05015   0.111   0.068   0.115   0.129   0.577   
121   05017   0.104   0.074   0.193   0.097   0.531   
122   05019   0.08   0.091   0.08   0.231   0.518   
123   05021   0.082   0.124   0.157   0.242   0.395   
124   05023   0.036   0.065   0.093   0.259   0.546   
125   05025   0.107   0.03   0.16   0.231   0.472   
126   05027   0.241   0.072   0.054   0.25   0.383   
127   05029   0.071   0.12   0.137   0.347   0.325   
128   05031   0.078   0.123   0.138   0.341   0.32   
129   05033   0.155   0.1   0.167   0.211   0.367   
130   05035   0.059   0.017   0.11   0.306   0.508   
131   05037   0.097   0.017   0.163   0.319   0.404   
132   05039   0.197   0.055   0.093   0.196   0.459   
133   05041   0.078   0.033   0.19   0.189   0.509   
134   05043   0.063   0.049   0.207   0.159   0.523   
135   05045   0.066   0.027   0.077   0.403   0.426   
136   05047   0.149   0.079   0.245   0.187   0.34   
137   05049   0.105   0.121   0.226   0.197   0.351   
138   05051   0.025   0.102   0.068   0.21   0.596   
139   05053   0.082   0.043   0.127   0.258   0.489   
140   05055   0.062   0.141   0.154   0.346   0.297   
141   05057   0.098   0.073   0.096   0.179   0.554   
142   05059   0.059   0.086   0.079   0.216   0.56   
143   05061   0.081   0.07   0.145   0.145   0.56   
144   05063   0.137   0.156   0.088   0.179   0.44   
145   05065   0.086   0.121   0.133   0.23   0.43   
146   05067   0.116   0.103   0.135   0.179   0.468   
147   05069   0.042   0.036   0.172   0.173   0.577   
148   05071   0.144   0.103   0.205   0.221   0.328   
149   05073   0.12   0.082   0.078   0.234   0.486   
150   05075   0.085   0.128   0.153   0.298   0.337   
151   05077   0.103   0.032   0.195   0.263   0.407   
152   05079   0.035   0.016   0.194   0.201   0.554   
153   05081   0.074   0.121   0.106   0.201   0.499   
154   05083   0.148   0.11   0.12   0.143   0.479   
155   05085   0.048   0.045   0.136   0.297   0.474   
156   05087   0.075   0.088   0.159   0.114   0.564   
157   05089   0.171   0.112   0.119   0.108   0.49   
158   05091   0.064   0.124   0.106   0.219   0.487   
159   05093   0.033   0.109   0.134   0.284   0.44   
160   05095   0.068   0.128   0.127   0.271   0.406   
161   05097   0.081   0.095   0.136   0.166   0.521   
162   05099   0.143   0.048   0.084   0.224   0.501   
163   05101   0.107   0.14   0.084   0.261   0.408   
164   05103   0.151   0.097   0.06   0.242   0.449   
165   05105   0.098   0.051   0.08   0.367   0.404   
166   05107   0.052   0.061   0.134   0.276   0.477   
167   05109   0.064   0.061   0.2   0.176   0.501   
168   05111   0.077   0.098   0.141   0.287   0.397   
169   05113   0.18   0.08   0.217   0.076   0.446   
170   05115   0.082   0.151   0.181   0.285   0.302   
171   05117   0.062   0.17   0.103   0.273   0.391   
172   05119   0.028   0.027   0.126   0.175   0.644   
173   05121   0.051   0.145   0.203   0.289   0.311   
174   05123   0.087   0.007   0.289   0.267   0.35   
175   05125   0.066   0.044   0.154   0.212   0.524   
176   05127   0.155   0.14   0.124   0.123   0.458   
177   05129   0.1   0.088   0.125   0.149   0.538   
178   05131   0.121   0.142   0.157   0.208   0.372   
179   05133   0.12   0.093   0.155   0.165   0.467   
180   05135   0.067   0.158   0.22   0.222   0.333   
181   05137   0.067   0.092   0.11   0.234   0.498   
182   05139   0.116   0.179   0.098   0.262   0.344   
183   05141   0.033   0.06   0.096   0.272   0.539   
184   05143   0.034   0.028   0.101   0.186   0.651   
185   05145   0.026   0.054   0.152   0.277   0.491   
186   05147   0.059   0.048   0.208   0.231   0.454   
187   05149   0.116   0.1   0.112   0.198   0.474   
188   06001   0.019   0.008   0.055   0.123   0.795   
189   06003   0.025   0.085   0.088   0.19   0.612   
190   06005   0.045   0.013   0.099   0.188   0.655   
191   06007   0.015   0.043   0.111   0.204   0.626   
192   06009   0.045   0.019   0.098   0.276   0.562   
193   06011   0.027   0.031   0.092   0.151   0.7   
194   06013   0.018   0.016   0.039   0.121   0.806   
195   06015   0.01   0.135   0.112   0.196   0.547   
196   06017   0.028   0.042   0.072   0.183   0.675   
197   06019   0.021   0.022   0.059   0.156   0.741   
198   06021   0.028   0.026   0.146   0.206   0.594   
199   06023   0.042   0.006   0.018   0.069   0.865   
200   06025   0.001   0.005   0.03   0.128   0.836   
201   06027   0.033   0.011   0.008   0.058   0.889   
202   06029   0.022   0.028   0.105   0.177   0.668   
203   06031   0.075   0.016   0.049   0.094   0.766   
204   06033   0.003   0.004   0.007   0.136   0.849   
205   06035   0.064   0.068   0.162   0.225   0.482   
206   06037   0.021   0.013   0.049   0.131   0.786   
207   06039   0.019   0.059   0.048   0.124   0.751   
208   06041   0.011   0   0.046   0.141   0.802   
209   06043   0.01   0.094   0.049   0.186   0.661   
210   06045   0.002   0.003   0.004   0.222   0.77   
211   06047   0.026   0.036   0.089   0.146   0.703   
212   06049   0.068   0.019   0.095   0.204   0.615   
213   06051   0.011   0.026   0.012   0.07   0.88   
214   06053   0.023   0.006   0.066   0.141   0.763   
215   06055   0.017   0.026   0.033   0.149   0.773   
216   06057   0.003   0.054   0.084   0.177   0.682   
217   06059   0.023   0.021   0.046   0.156   0.754   
218   06061   0.012   0.023   0.072   0.201   0.693   
219   06063   0.063   0.067   0.053   0.146   0.671   
220   06065   0.026   0.014   0.041   0.116   0.803   
221   06067   0.025   0.028   0.062   0.164   0.722   
222   06069   0.018   0.004   0.063   0.175   0.739   
223   06071   0.027   0.022   0.048   0.134   0.768   
224   06073   0.017   0.023   0.034   0.126   0.8   
225   06075   0.017   0.011   0.035   0.121   0.817   
226   06077   0.054   0.019   0.081   0.165   0.68   
227   06079   0.025   0.024   0.037   0.169   0.745   
228   06081   0.016   0.013   0.058   0.126   0.786   
229   06083   0.015   0.02   0.075   0.153   0.737   
230   06085   0.015   0.014   0.04   0.168   0.764   
231   06087   0.008   0   0.086   0.109   0.797   
232   06089   0.095   0.056   0.071   0.232   0.547   
233   06091   0.14   0.053   0.047   0.143   0.617   
234   06093   0.132   0.074   0.082   0.167   0.546   
235   06095   0.043   0.046   0.035   0.148   0.728   
236   06097   0.022   0.012   0.022   0.149   0.795   
237   06099   0.032   0.028   0.062   0.173   0.705   
238   06101   0.058   0.031   0.08   0.163   0.669   
239   06103   0.057   0.062   0.141   0.195   0.545   
240   06105   0.081   0.07   0.055   0.201   0.592   
241   06107   0.025   0.039   0.115   0.136   0.685   
242   06109   0.008   0.043   0.084   0.212   0.653   
243   06111   0.024   0.011   0.033   0.156   0.777   
244   06113   0.007   0.005   0.04   0.156   0.791   
245   06115   0.057   0.035   0.071   0.167   0.669   
246   08001   0.032   0.027   0.071   0.185   0.685   
247   08003   0.052   0.133   0.094   0.228   0.493   
248   08005   0.013   0.026   0.065   0.193   0.703   
249   08007   0.041   0.041   0.155   0.276   0.488   
250   08009   0.113   0.053   0.194   0.206   0.435   
251   08011   0.033   0.036   0.172   0.191   0.567   
252   08013   0.008   0.015   0.032   0.195   0.75   
253   08014   0.018   0.005   0.042   0.201   0.734   
254   08015   0.038   0.045   0.134   0.138   0.645   
255   08017   0.016   0.187   0.106   0.398   0.292   
256   08019   0.002   0.015   0.138   0.123   0.723   
257   08021   0.06   0.106   0.093   0.195   0.545   
258   08023   0.034   0.072   0.076   0.175   0.644   
259   08025   0.002   0.034   0.08   0.294   0.59   
260   08027   0.017   0.098   0.153   0.234   0.498   
261   08029   0.087   0.094   0.074   0.295   0.45   
262   08031   0.02   0.018   0.062   0.194   0.707   
263   08033   0.052   0.039   0.066   0.252   0.591   
264   08035   0.013   0.041   0.081   0.192   0.673   
265   08037   0.008   0.003   0.033   0.269   0.687   
266   08039   0.016   0.044   0.19   0.246   0.505   
267   08041   0.031   0.089   0.081   0.196   0.603   
268   08043   0.006   0.069   0.062   0.2   0.663   
269   08045   0.065   0.04   0.037   0.326   0.532   
270   08047   0.001   0.027   0.017   0.17   0.785   
271   08049   0.006   0.002   0.05   0.187   0.754   
272   08051   0.057   0.039   0.043   0.281   0.581   
273   08053   0.043   0.05   0.117   0.271   0.519   
274   08055   0.028   0.051   0.051   0.275   0.595   
275   08057   0.021   0.027   0.09   0.342   0.52   
276   08059   0.028   0.031   0.075   0.194   0.673   
277   08061   0.028   0.051   0.159   0.27   0.492   
278   08063   0.024   0.323   0.119   0.344   0.19   
279   08065   0.002   0.016   0.036   0.193   0.753   
280   08067   0.043   0.02   0.122   0.274   0.541   
281   08069   0.013   0.037   0.06   0.231   0.659   
282   08071   0.052   0.03   0.101   0.17   0.648   
283   08073   0.013   0.068   0.196   0.403   0.321   
284   08075   0.078   0.202   0.101   0.368   0.251   
285   08077   0.075   0.105   0.098   0.222   0.499   
286   08079   0.049   0.072   0.138   0.264   0.478   
287   08081   0.041   0.142   0.162   0.284   0.371   
288   08083   0.057   0.019   0.081   0.257   0.586   
289   08085   0.085   0.092   0.074   0.314   0.436   
290   08087   0.083   0.161   0.116   0.245   0.396   
291   08089   0.004   0.047   0.102   0.194   0.653   
292   08091   0.06   0.08   0.069   0.295   0.495   
293   08093   0.021   0.018   0.103   0.137   0.722   
294   08095   0.05   0.19   0.137   0.255   0.368   
295   08097   0.019   0.014   0.016   0.318   0.633   
296   08099   0.079   0.046   0.205   0.201   0.469   
297   08101   0.018   0.044   0.074   0.28   0.584   
298   08103   0.111   0.092   0.074   0.265   0.458   
299   08105   0.061   0.144   0.11   0.242   0.444   
300   08107   0.008   0.036   0.092   0.375   0.489   
301   08109   0.065   0.122   0.138   0.232   0.443   
302   08111   0.032   0.038   0.097   0.27   0.563   
303   08113   0.043   0.058   0.074   0.26   0.565   
304   08115   0.065   0.162   0.138   0.267   0.368   
305   08117   0   0.001   0.064   0.151   0.784   
306   08119   0.105   0.087   0.066   0.145   0.597   
307   08121   0.077   0.208   0.101   0.303   0.31   
308   08123   0.046   0.038   0.135   0.231   0.55   
309   08125   0.038   0.284   0.133   0.255   0.29   
310   09001   0.027   0.019   0.06   0.114   0.78   
311   09003   0.015   0.023   0.065   0.13   0.767   
312   09005   0.017   0.051   0.021   0.098   0.812   
313   09007   0.003   0.007   0.055   0.128   0.807   
314   09009   0.023   0.014   0.053   0.115   0.795   
315   09011   0.025   0.021   0.066   0.142   0.747   
316   09013   0.008   0.008   0.027   0.147   0.81   
317   09015   0.022   0.041   0.082   0.137   0.718   
318   10001   0.026   0.006   0.106   0.051   0.811   
319   10003   0.027   0.013   0.041   0.133   0.786   
320   10005   0.005   0.001   0.035   0.103   0.856   
321   11001   0.012   0.013   0.069   0.164   0.743   
322   12001   0.001   0.024   0.053   0.17   0.751   
323   12003   0.087   0.076   0.18   0.215   0.442   
324   12005   0.065   0.109   0.076   0.202   0.548   
325   12007   0.106   0.168   0.172   0.173   0.381   
326   12009   0.068   0.073   0.096   0.157   0.607   
327   12011   0.026   0.023   0.043   0.117   0.791   
328   12013   0.034   0.055   0.138   0.267   0.507   
329   12015   0.051   0.049   0.101   0.158   0.64   
330   12017   0.09   0.036   0.087   0.178   0.609   
331   12019   0.055   0.067   0.15   0.209   0.52   
332   12021   0.04   0.023   0.067   0.212   0.658   
333   12023   0.047   0.026   0.288   0.254   0.385   
334   12027   0.023   0.064   0.056   0.142   0.715   
335   12029   0.071   0.095   0.119   0.318   0.397   
336   12031   0.049   0.042   0.086   0.194   0.629   
337   12033   0.019   0.052   0.095   0.31   0.524   
338   12035   0.079   0.05   0.113   0.157   0.602   
339   12037   0.022   0.101   0.237   0.228   0.412   
340   12039   0.06   0.033   0.104   0.227   0.575   
341   12041   0.016   0.151   0.069   0.324   0.44   
342   12043   0.047   0.082   0.098   0.096   0.677   
343   12045   0.046   0.125   0.12   0.249   0.46   
344   12047   0.101   0.071   0.235   0.227   0.365   
345   12049   0.114   0.041   0.179   0.186   0.48   
346   12051   0.046   0.042   0.112   0.15   0.65   
347   12053   0.09   0.04   0.091   0.19   0.589   
348   12055   0.025   0.056   0.145   0.138   0.635   
349   12057   0.023   0.031   0.069   0.155   0.722   
350   12059   0.17   0.077   0.081   0.111   0.562   
351   12061   0.054   0.065   0.082   0.193   0.607   
352   12063   0.064   0.108   0.129   0.174   0.526   
353   12065   0.019   0.017   0.099   0.183   0.682   
354   12067   0.102   0.081   0.22   0.208   0.389   
355   12069   0.047   0.062   0.074   0.185   0.632   
356   12071   0.052   0.05   0.073   0.176   0.648   
357   12073   0.051   0.022   0.071   0.156   0.7   
358   12075   0.017   0.132   0.072   0.187   0.592   
359   12077   0.022   0.023   0.205   0.268   0.482   
360   12079   0.164   0.085   0.148   0.264   0.34   
361   12081   0.074   0.037   0.062   0.201   0.626   
362   12083   0.046   0.087   0.121   0.203   0.543   
363   12085   0.027   0.018   0.066   0.169   0.719   
364   12086   0.032   0.023   0.06   0.128   0.756   
365   12087   0.007   0.001   0.014   0.159   0.819   
366   12089   0.09   0.07   0.147   0.223   0.47   
367   12091   0.091   0.083   0.147   0.21   0.469   
368   12093   0.016   0.034   0.064   0.171   0.715   
369   12095   0.02   0.02   0.072   0.164   0.724   
370   12097   0.025   0.022   0.058   0.176   0.72   
371   12099   0.03   0.02   0.05   0.116   0.784   
372   12101   0.027   0.029   0.055   0.179   0.709   
373   12103   0.025   0.019   0.074   0.133   0.75   
374   12105   0.05   0.063   0.085   0.172   0.63   
375   12107   0.068   0.05   0.114   0.186   0.581   
376   12109   0.047   0.071   0.097   0.223   0.561   
377   12111   0.077   0.022   0.08   0.173   0.648   
378   12113   0.047   0.068   0.166   0.265   0.453   
379   12115   0.017   0.031   0.073   0.175   0.704   
380   12117   0.037   0.039   0.066   0.141   0.717   
381   12119   0.037   0.036   0.064   0.235   0.628   
382   12121   0.105   0.055   0.244   0.227   0.369   
383   12123   0.103   0.086   0.19   0.145   0.476   
384   12125   0.044   0.04   0.176   0.267   0.473   
385   12127   0.035   0.066   0.089   0.192   0.618   
386   12129   0.032   0.092   0.172   0.275   0.429   
387   12131   0.092   0.06   0.092   0.244   0.512   
388   12133   0.138   0.085   0.062   0.158   0.557   
389   13001   0.085   0.117   0.23   0.152   0.416   
390   13003   0.059   0.1   0.179   0.217   0.445   
391   13005   0.071   0.132   0.187   0.188   0.421   
392   13007   0.027   0.048   0.054   0.127   0.743   
393   13009   0.02   0.089   0.107   0.29   0.494   
394   13011   0.136   0.103   0.125   0.238   0.399   
395   13013   0.063   0.086   0.092   0.19   0.568   
396   13015   0.215   0.05   0.123   0.143   0.47   
397   13017   0.129   0.078   0.109   0.202   0.483   
398   13019   0.073   0.098   0.156   0.214   0.46   
399   13021   0.043   0.094   0.176   0.201   0.487   
400   13023   0.089   0.031   0.117   0.256   0.508   
401   13025   0.047   0.129   0.15   0.164   0.51   
402   13027   0.092   0.165   0.124   0.235   0.385   
403   13029   0.033   0.039   0.095   0.238   0.595   
404   13031   0.053   0.049   0.163   0.31   0.424   
405   13033   0.105   0.109   0.087   0.208   0.492   
406   13035   0.125   0.037   0.144   0.163   0.53   
407   13037   0.013   0.035   0.043   0.172   0.737   
408   13039   0.136   0.125   0.17   0.113   0.456   
409   13043   0.037   0.045   0.177   0.264   0.477   
410   13045   0.089   0.133   0.154   0.168   0.457   
411   13047   0.143   0.152   0.114   0.217   0.375   
412   13049   0.065   0.094   0.15   0.196   0.495   
413   13051   0.035   0.04   0.144   0.158   0.624   
414   13053   0.061   0.072   0.108   0.214   0.545   
415   13055   0.116   0.102   0.187   0.143   0.451   
416   13057   0.049   0.054   0.1   0.213   0.584   
417   13059   0.054   0.057   0.06   0.226   0.603   
418   13061   0.028   0.066   0.12   0.223   0.562   
419   13063   0.038   0.054   0.125   0.159   0.624   
420   13065   0.06   0.058   0.134   0.168   0.58   
421   13067   0.039   0.049   0.116   0.225   0.572   
422   13069   0.085   0.124   0.164   0.222   0.404   
423   13071   0.108   0.191   0.074   0.233   0.394   
424   13073   0.061   0.064   0.095   0.234   0.547   
425   13075   0.098   0.134   0.123   0.203   0.441   
426   13077   0.105   0.053   0.183   0.204   0.455   
427   13079   0.057   0.051   0.231   0.192   0.468   
428   13081   0.119   0.023   0.06   0.163   0.635   
429   13083   0.128   0.222   0.13   0.249   0.27   
430   13085   0.049   0.09   0.128   0.162   0.571   
431   13087   0.093   0.04   0.171   0.18   0.516   
432   13089   0.036   0.028   0.075   0.156   0.704   
433   13091   0.145   0.025   0.15   0.236   0.443   
434   13093   0.077   0.034   0.058   0.204   0.627   
435   13095   0.033   0.037   0.045   0.159   0.726   
436   13097   0.083   0.037   0.09   0.198   0.591   
437   13099   0.045   0.062   0.156   0.253   0.485   
438   13101   0.097   0.073   0.182   0.202   0.446   
439   13103   0.044   0.064   0.145   0.272   0.475   
440   13105   0.132   0.177   0.081   0.107   0.503   
441   13107   0.062   0.044   0.142   0.252   0.5   
442   13109   0.03   0.078   0.229   0.29   0.372   
443   13111   0.075   0.088   0.125   0.112   0.6   
444   13113   0.06   0.086   0.131   0.218   0.505   
445   13115   0.186   0.036   0.234   0.148   0.395   
446   13117   0.035   0.048   0.083   0.193   0.641   
447   13119   0.168   0.074   0.117   0.215   0.425   
448   13121   0.026   0.036   0.089   0.187   0.662   
449   13123   0.128   0.042   0.087   0.198   0.545   
450   13125   0.156   0.066   0.107   0.13   0.541   
451   13127   0.048   0.071   0.145   0.251   0.485   
452   13129   0.172   0.1   0.201   0.157   0.369   
453   13131   0.063   0.139   0.116   0.264   0.417   
454   13133   0.062   0.046   0.057   0.176   0.658   
455   13135   0.036   0.054   0.081   0.19   0.639   
456   13137   0.063   0.1   0.116   0.292   0.43   
457   13139   0.061   0.069   0.128   0.198   0.545   
458   13141   0.043   0.111   0.102   0.168   0.575   
459   13143   0.184   0.123   0.165   0.184   0.345   
460   13145   0.093   0.081   0.061   0.213   0.551   
461   13147   0.092   0.061   0.14   0.207   0.5   
462   13149   0.126   0.094   0.166   0.144   0.471   
463   13151   0.103   0.048   0.091   0.181   0.578   
464   13153   0.032   0.079   0.136   0.172   0.581   
465   13155   0.098   0.091   0.126   0.224   0.46   
466   13157   0.125   0.085   0.117   0.24   0.434   
467   13159   0.082   0.059   0.181   0.118   0.56   
468   13161   0.124   0.138   0.165   0.183   0.39   
469   13163   0.251   0.055   0.099   0.102   0.493   
470   13165   0.114   0.053   0.084   0.261   0.488   
471   13167   0.119   0.053   0.109   0.251   0.468   
472   13169   0.049   0.087   0.226   0.209   0.43   
473   13171   0.07   0.06   0.171   0.293   0.406   
474   13173   0.102   0.07   0.145   0.181   0.502   
475   13175   0.122   0.056   0.141   0.291   0.391   
476   13177   0.035   0.033   0.039   0.162   0.732   
477   13179   0.007   0.099   0.066   0.215   0.614   
478   13181   0.073   0.104   0.111   0.233   0.479   
479   13183   0.014   0.119   0.086   0.159   0.621   
480   13185   0.108   0.101   0.149   0.208   0.435   
481   13187   0.035   0.086   0.13   0.245   0.504   
482   13189   0.072   0.053   0.123   0.265   0.488   
483   13191   0.034   0.076   0.188   0.221   0.481   
484   13193   0.078   0.049   0.113   0.21   0.55   
485   13195   0.165   0.084   0.055   0.186   0.511   
486   13197   0.084   0.12   0.167   0.196   0.433   
487   13199   0.109   0.086   0.138   0.15   0.517   
488   13201   0.064   0.056   0.182   0.159   0.539   
489   13205   0.044   0.112   0.055   0.159   0.63   
490   13207   0.072   0.035   0.184   0.253   0.455   
491   13209   0.114   0.083   0.174   0.228   0.401   
492   13211   0.061   0.064   0.093   0.168   0.614   
493   13213   0.193   0.03   0.182   0.177   0.417   
494   13215   0.063   0.073   0.083   0.225   0.555   
495   13217   0.094   0.076   0.123   0.207   0.5   
496   13219   0.049   0.063   0.095   0.181   0.611   
497   13221   0.056   0.082   0.054   0.181   0.627   
498   13223   0.097   0.068   0.108   0.233   0.494   
499   13225   0.027   0.074   0.172   0.16   0.567   
500   13227   0.038   0.118   0.101   0.188   0.555   
501   13229   0.05   0.143   0.127   0.157   0.522   
502   13231   0.059   0.06   0.147   0.192   0.542   
503   13233   0.106   0.071   0.192   0.145   0.485   
504   13235   0.079   0.031   0.098   0.218   0.575   
505   13237   0.059   0.093   0.118   0.214   0.516   
506   13239   0.053   0.15   0.095   0.163   0.538   
507   13241   0.1   0.083   0.124   0.229   0.464   
508   13243   0.016   0.065   0.05   0.2   0.669   
509   13245   0.068   0.059   0.114   0.18   0.578   
510   13247   0.058   0.078   0.115   0.216   0.534   
511   13249   0.07   0.102   0.117   0.214   0.497   
512   13251   0.198   0.069   0.081   0.242   0.41   
513   13253   0.073   0.079   0.202   0.135   0.51   
514   13255   0.072   0.038   0.179   0.202   0.509   
515   13257   0.087   0.116   0.116   0.31   0.37   
516   13259   0.055   0.092   0.133   0.203   0.517   
517   13261   0.055   0.056   0.046   0.202   0.641   
518   13263   0.168   0.08   0.089   0.171   0.492   
519   13265   0.065   0.048   0.086   0.158   0.644   
520   13267   0.051   0.076   0.214   0.224   0.434   
521   13269   0.126   0.069   0.182   0.201   0.422   
522   13271   0.156   0.075   0.134   0.208   0.427   
523   13273   0.019   0.029   0.03   0.167   0.755   
524   13275   0.026   0.096   0.12   0.228   0.53   
525   13277   0.066   0.088   0.122   0.227   0.496   
526   13279   0.097   0.069   0.179   0.226   0.429   
527   13281   0.076   0.096   0.098   0.199   0.531   
528   13283   0.096   0.07   0.168   0.267   0.399   
529   13285   0.175   0.031   0.119   0.178   0.497   
530   13287   0.141   0.042   0.094   0.175   0.547   
531   13289   0.04   0.077   0.188   0.148   0.547   
532   13291   0.065   0.119   0.087   0.168   0.56   
533   13293   0.16   0.1   0.114   0.206   0.421   
534   13295   0.144   0.164   0.117   0.21   0.366   
535   13297   0.106   0.127   0.184   0.141   0.442   
536   13299   0.061   0.108   0.109   0.166   0.556   
537   13301   0.095   0.065   0.14   0.226   0.474   
538   13303   0.104   0.07   0.053   0.157   0.617   
539   13305   0.029   0.139   0.143   0.139   0.55   
540   13307   0.019   0.064   0.103   0.21   0.603   
541   13309   0.135   0.078   0.162   0.23   0.395   
542   13311   0.057   0.064   0.099   0.347   0.433   
543   13313   0.185   0.068   0.203   0.142   0.403   
544   13315   0.173   0.017   0.083   0.157   0.569   
545   13317   0.08   0.086   0.114   0.172   0.548   
546   13319   0.039   0.062   0.141   0.224   0.534   
547   13321   0.069   0.056   0.083   0.187   0.605   
548   15001   0.01   0.032   0.037   0.122   0.799   
549   15003   0.011   0.012   0.027   0.151   0.798   
550   15005   0.026   0.013   0.032   0.08   0.85   
551   15007   0   0.021   0.046   0.108   0.825   
552   15009   0.034   0.016   0.025   0.122   0.803   
553   16001   0.118   0.078   0.084   0.194   0.526   
554   16003   0.094   0.216   0.218   0.218   0.254   
555   16005   0.084   0.193   0.176   0.195   0.352   
556   16007   0.151   0.12   0.102   0.243   0.385   
557   16009   0.038   0.059   0.15   0.152   0.601   
558   16011   0.095   0.197   0.175   0.229   0.304   
559   16013   0.155   0.107   0.102   0.13   0.506   
560   16015   0.057   0.038   0.038   0.549   0.318   
561   16017   0.088   0.116   0.119   0.241   0.436   
562   16019   0.096   0.202   0.188   0.247   0.268   
563   16021   0.045   0.171   0.061   0.185   0.537   
564   16023   0.107   0.213   0.159   0.222   0.298   
565   16025   0.186   0.03   0.047   0.098   0.639   
566   16027   0.113   0.095   0.17   0.24   0.381   
567   16029   0.1   0.181   0.191   0.202   0.326   
568   16031   0.134   0.223   0.102   0.149   0.392   
569   16033   0.119   0.228   0.196   0.239   0.218   
570   16035   0.037   0.112   0.127   0.25   0.475   
571   16037   0.069   0.029   0.199   0.244   0.458   
572   16039   0.206   0.044   0.038   0.173   0.539   
573   16041   0.131   0.118   0.085   0.256   0.41   
574   16043   0.111   0.206   0.202   0.247   0.233   
575   16045   0.119   0.136   0.111   0.198   0.436   
576   16047   0.211   0.202   0.089   0.153   0.345   
577   16049   0.045   0.094   0.164   0.275   0.423   
578   16051   0.099   0.208   0.192   0.249   0.252   
579   16053   0.175   0.219   0.096   0.167   0.343   
580   16055   0.146   0.105   0.17   0.22   0.359   
581   16057   0.002   0.012   0.066   0.328   0.592   
582   16059   0.109   0.173   0.231   0.125   0.362   
583   16061   0.027   0.073   0.157   0.285   0.459   
584   16063   0.18   0.2   0.105   0.135   0.379   
585   16065   0.101   0.207   0.196   0.25   0.245   
586   16067   0.134   0.219   0.106   0.152   0.39   
587   16069   0.009   0.03   0.117   0.326   0.517   
588   16071   0.083   0.173   0.153   0.185   0.406   
589   16073   0.123   0.137   0.146   0.171   0.423   
590   16075   0.081   0.199   0.174   0.242   0.304   
591   16077   0.078   0.205   0.152   0.185   0.381   
592   16079   0.068   0.144   0.299   0.147   0.342   
593   16081   0.099   0.189   0.19   0.25   0.272   
594   16083   0.166   0.222   0.101   0.177   0.335   
595   16085   0.041   0.118   0.102   0.378   0.361   
596   16087   0.136   0.13   0.324   0.172   0.239   
597   17001   0.18   0.092   0.189   0.19   0.35   
598   17003   0.11   0.082   0.148   0.262   0.398   
599   17005   0.07   0.055   0.108   0.218   0.549   
600   17007   0.025   0.006   0.065   0.244   0.66   
601   17009   0.18   0.099   0.136   0.2   0.385   
602   17011   0.012   0.019   0.156   0.208   0.605   
603   17013   0.082   0.06   0.219   0.366   0.273   
604   17015   0.03   0.064   0.12   0.19   0.596   
605   17017   0.103   0.08   0.19   0.187   0.441   
606   17019   0   0.067   0.08   0.192   0.661   
607   17021   0.059   0.057   0.091   0.19   0.603   
608   17023   0.127   0.089   0.107   0.226   0.451   
609   17025   0.062   0.115   0.145   0.306   0.372   
610   17027   0.102   0.063   0.083   0.166   0.587   
611   17029   0.112   0.055   0.201   0.221   0.411   
612   17031   0.023   0.021   0.072   0.162   0.722   
613   17033   0.146   0.196   0.047   0.219   0.392   
614   17035   0.095   0.075   0.194   0.212   0.424   
615   17037   0.007   0.012   0.034   0.191   0.756   
616   17039   0.035   0.106   0.073   0.28   0.507   
617   17041   0.048   0.061   0.105   0.191   0.594   
618   17043   0.01   0.01   0.056   0.163   0.76   
619   17045   0.174   0.09   0.131   0.208   0.398   
620   17047   0.086   0.148   0.233   0.306   0.228   
621   17049   0.072   0.072   0.214   0.232   0.41   
622   17051   0.069   0.076   0.156   0.229   0.47   
623   17053   0.011   0.082   0.167   0.172   0.567   
624   17055   0.099   0.166   0.119   0.211   0.405   
625   17057   0.016   0.03   0.311   0.199   0.444   
626   17059   0.201   0.06   0.128   0.238   0.373   
627   17061   0.136   0.029   0.109   0.217   0.508   
628   17063   0.056   0.056   0.105   0.183   0.599   
629   17065   0.138   0.179   0.1   0.21   0.373   
630   17067   0.147   0.154   0.125   0.163   0.411   
631   17069   0.163   0.072   0.235   0.191   0.34   
632   17071   0.096   0.044   0.101   0.155   0.604   
633   17073   0.067   0.072   0.061   0.203   0.597   
634   17075   0.097   0.168   0.069   0.242   0.424   
635   17077   0.066   0.078   0.151   0.209   0.496   
636   17079   0.099   0.135   0.131   0.254   0.38   
637   17081   0.122   0.126   0.08   0.279   0.393   
638   17083   0.074   0.079   0.124   0.185   0.537   
639   17085   0.034   0.104   0.22   0.178   0.465   
640   17087   0.124   0.05   0.189   0.141   0.496   
641   17089   0.013   0.026   0.048   0.165   0.748   
642   17091   0.044   0.084   0.096   0.249   0.527   
643   17093   0.001   0.009   0.065   0.136   0.788   
644   17095   0.035   0.031   0.194   0.246   0.494   
645   17097   0.02   0.018   0.046   0.146   0.769   
646   17099   0.018   0.046   0.113   0.267   0.556   
647   17101   0.197   0.157   0.105   0.281   0.26   
648   17103   0.013   0.054   0.058   0.224   0.65   
649   17105   0.03   0.147   0.08   0.234   0.51   
650   17107   0.046   0.045   0.23   0.128   0.551   
651   17109   0.041   0.091   0.097   0.182   0.59   
652   17111   0.03   0.012   0.066   0.176   0.716   
653   17113   0.085   0.062   0.091   0.201   0.561   
654   17115   0.016   0.062   0.088   0.286   0.549   
655   17117   0.015   0.05   0.147   0.227   0.561   
656   17119   0.035   0.045   0.083   0.189   0.648   
657   17121   0.1   0.093   0.101   0.302   0.404   
658   17123   0.048   0.083   0.133   0.198   0.538   
659   17125   0.238   0.031   0.292   0.126   0.313   
660   17127   0.097   0.043   0.232   0.256   0.373   
661   17129   0.102   0.047   0.138   0.172   0.54   
662   17131   0.039   0.066   0.11   0.215   0.571   
663   17133   0.003   0.04   0.112   0.174   0.67   
664   17135   0.018   0.05   0.091   0.316   0.525   
665   17137   0.05   0.062   0.177   0.178   0.533   
666   17139   0.081   0.073   0.213   0.243   0.39   
667   17141   0.053   0.045   0.129   0.184   0.589   
668   17143   0.039   0.036   0.096   0.251   0.577   
669   17145   0.055   0.092   0.104   0.358   0.392   
670   17147   0.003   0.052   0.06   0.198   0.688   
671   17149   0.138   0.079   0.218   0.205   0.36   
672   17151   0.104   0.054   0.213   0.214   0.415   
673   17153   0.117   0.064   0.189   0.225   0.405   
674   17155   0.021   0.025   0.168   0.251   0.535   
675   17157   0.008   0.032   0.117   0.391   0.452   
676   17159   0.111   0.151   0.107   0.3   0.331   
677   17161   0.078   0.025   0.066   0.235   0.596   
678   17163   0.032   0.027   0.037   0.138   0.767   
679   17165   0.117   0.106   0.111   0.204   0.462   
680   17167   0.017   0.03   0.155   0.233   0.564   
681   17169   0.132   0.1   0.152   0.198   0.417   
682   17171   0.113   0.057   0.148   0.162   0.52   
683   17173   0.07   0.047   0.168   0.245   0.469   
684   17175   0.013   0.101   0.058   0.155   0.672   
685   17177   0.036   0.059   0.041   0.222   0.644   
686   17179   0.044   0.04   0.141   0.215   0.56   
687   17181   0.1   0.078   0.162   0.195   0.466   
688   17183   0.023   0.119   0.088   0.266   0.504   
689   17185   0.078   0.113   0.271   0.325   0.212   
690   17187   0.042   0.02   0.141   0.276   0.522   
691   17189   0.118   0.046   0.053   0.327   0.456   
692   17191   0.086   0.142   0.128   0.3   0.345   
693   17193   0.19   0.144   0.095   0.239   0.332   
694   17195   0.025   0.066   0.042   0.218   0.649   
695   17197   0.041   0.024   0.062   0.134   0.739   
696   17199   0.095   0.122   0.136   0.183   0.464   
697   17201   0.031   0.03   0.089   0.193   0.657   
698   17203   0.062   0.067   0.112   0.242   0.517   
699   18001   0.136   0.047   0.16   0.348   0.309   
700   18003   0.07   0.14   0.099   0.228   0.464   
701   18005   0.138   0.084   0.085   0.286   0.406   
702   18007   0.082   0.126   0.112   0.183   0.496   
703   18009   0.093   0.152   0.106   0.203   0.447   
704   18011   0.052   0.085   0.142   0.308   0.413   
705   18013   0.055   0.061   0.041   0.184   0.66   
706   18015   0.059   0.104   0.17   0.22   0.447   
707   18017   0.037   0.192   0.283   0.206   0.283   
708   18019   0.068   0.06   0.141   0.228   0.501   
709   18021   0.122   0.073   0.112   0.226   0.466   
710   18023   0.088   0.033   0.132   0.285   0.462   
711   18025   0.067   0.089   0.118   0.261   0.465   
712   18027   0.049   0.061   0.13   0.214   0.546   
713   18029   0.083   0.1   0.168   0.277   0.371   
714   18031   0.175   0.083   0.101   0.204   0.437   
715   18033   0.109   0.074   0.118   0.149   0.55   
716   18035   0.095   0.109   0.124   0.197   0.475   
717   18037   0.01   0.105   0.086   0.25   0.55   
718   18039   0.03   0.097   0.094   0.252   0.528   
719   18041   0.161   0.041   0.048   0.237   0.514   
720   18043   0.053   0.086   0.154   0.233   0.474   
721   18045   0.077   0.089   0.147   0.212   0.474   
722   18047   0.07   0.082   0.104   0.199   0.545   
723   18049   0.142   0.114   0.128   0.217   0.399   
